arr = [0.00, 0.00
0.00, 0.00
0.00, 0.00
0.00, 0.00
0.00, 0.00
0.00, 0.00
0.00, 0.00
0.00, 0.00
0.00, 0.00
0.00, 0.00
0.00, 0.00
0.00, 0.00
0.00, 0.00
0.00, 0.00
0.00, 0.00
0.00, 0.00
0.00, 0.00
0.00, 0.00
0.00, 0.00
0.00, 0.00
0.00, 0.00
0.00, 0.00
0.00, 0.00
0.00, 0.00
0.00, 0.00
0.00, 0.00
0.00, 0.00
0.00, 0.00
0.00, 0.00
0.00, 0.00
0.00, 0.00
0.00, 0.00
0.00, 0.00
0.00, 0.00
0.00, 0.00
0.00, 0.00
0.00, 0.00
0.00, 0.00
0.00, 0.00
0.00, 0.00
0.00, 0.00
0.00, 0.00
0.00, 0.00
0.00, 0.00
0.00, 0.00
0.00, 0.00
0.00, 0.00
0.00, 0.00
0.00, 508.48
0.00, 603.82
0.00, 699.16
0.00, 699.16
0.00, 699.16
0.00, 699.16
0.00, 699.16
11.55, 789.62
11.40, 789.77
11.43, 789.74
11.54, 789.63
12.00, 789.18
107.79, 787.64
108.09, 787.34
108.62, 786.81
204.70, 784.99
204.83, 784.86
204.88, 784.81
204.92, 784.76
205.20, 784.49
300.56, 783.39
300.28, 783.66
300.00, 783.94
300.02, 783.92
299.82, 784.12
410.94, 782.96
411.00, 782.91
410.83, 783.08
410.90, 783.01
506.26, 781.90
506.28, 781.89
506.03, 782.13
506.05, 782.11
601.70, 780.72
601.56, 780.86
601.90, 780.52
601.91, 780.51
601.76, 780.66
601.88, 780.54
601.83, 780.59
713.11, 779.27
713.44, 778.94
713.56, 778.82
713.78, 778.60
713.87, 778.52
713.59, 778.79
713.26, 779.13
789.84, 778.27
790.17, 778.61
790.44, 778.88
790.45, 778.89
790.42, 778.86
790.64, 779.07
790.52, 778.96
790.44, 778.88
790.06, 778.49
789.98, 778.42
789.92, 778.36
789.73, 778.17
789.88, 778.32
789.94, 778.38
789.90, 778.34
790.14, 778.58
790.15, 778.58
790.46, 778.90
712.53, 779.85
712.19, 780.19
712.15, 780.23
712.16, 780.23
712.21, 780.18
601.26, 781.16
601.21, 781.21
601.44, 780.97
601.48, 780.94
601.48, 780.93
506.14, 782.02
506.16, 782.00
506.23, 781.93
506.29, 781.87
506.56, 781.61
411.01, 782.89
410.96, 782.94
410.87, 783.03
410.83, 783.08
299.43, 784.51
299.36, 784.58
299.41, 784.53
299.45, 784.49
299.70, 784.24
204.34, 785.35
204.48, 785.21
204.48, 785.20
204.21, 785.47
204.23, 785.46
203.99, 785.69
108.71, 786.72
108.74, 786.69
108.73, 786.70
108.92, 786.51
108.90, 786.53
13.49, 787.68
13.41, 787.76
13.10, 788.08
12.77, 788.41
12.67, 788.51
12.64, 788.53
12.66, 788.51
12.88, 788.29
0.00, 699.16
0.00, 699.16
0.00, 699.16
0.00, 699.16
0.00, 699.16
0.00, 699.16
0.00, 603.82
0.00, 603.82
0.00, 603.82
0.00, 603.82
0.00, 603.82
0.00, 603.82
0.00, 508.48
0.00, 508.48
0.00, 0.00
0.00, 0.00
0.00, 0.00
0.00, 0.00
0.00, 0.00
0.00, 0.00
0.00, 0.00
0.00, 0.00
0.00, 0.00
0.00, 0.00
0.00, 0.00
0.00, 0.00
0.00, 0.00
0.00, 0.00
0.00, 0.00
0.00, 0.00
0.00, 0.00
0.00, 0.00
0.00, 0.00
0.00, 0.00
0.00, 0.00
0.00, 0.00
0.00, 0.00
0.00, 0.00
789.29, 777.73
788.53, 776.96
789.76, 778.20
789.29, 777.73
789.44, 777.88
789.39, 777.83
789.38, 777.82
789.44, 777.88
789.23, 777.66
789.62, 778.06
789.43, 777.87
789.99, 778.43
790.10, 778.54
789.91, 778.34
789.84, 778.28
789.63, 778.07
789.49, 777.93
789.65, 778.09
789.63, 778.07
789.67, 778.11
789.96, 778.40
789.78, 778.22
789.35, 777.79
789.06, 777.50
788.89, 777.32
789.26, 777.70
205.34, 784.35
0.00, 0.00
0.00, 0.00
0.00, 0.00
0.00, 0.00
0.00, 0.00
0.00, 0.00
0.00, 0.00
0.00, 0.00
0.00, 0.00
0.00, 0.00
0.00, 0.00
0.00, 0.00
0.00, 0.00
0.00, 0.00
0.00, 0.00
0.00, 0.00
0.00, 0.00
0.00, 0.00
0.00, 0.00
0.00, 0.00
0.00, 0.00
0.00, 0.00
0.00, 0.00
0.00, 0.00
0.00, 0.00
0.00, 0.00
0.00, 0.00
0.00, 0.00
0.00, 0.00
0.00, 0.00
0.00, 0.00
0.00, 0.00
0.00, 0.00
0.00, 0.00
0.00, 603.82
0.00, 603.82
0.00, 603.82
0.00, 699.16
0.00, 699.16
13.37, 787.81
13.12, 788.05
13.36, 787.81
13.64, 787.54
204.42, 785.26
712.87, 779.51
790.18, 778.61
790.42, 778.86
790.60, 779.04
791.13, 779.80
790.42, 780.50
788.97, 781.96
787.95, 782.98
787.24, 783.69
787.46, 783.47
788.38, 782.55
789.53, 781.40
790.13, 780.80
789.23, 781.70
789.50, 781.43
787.99, 782.94
780.09, 790.84
756.12, 814.81
713.13, 857.80
660.94, 909.99
606.95, 963.98
564.10, 1006.82
555.50, 1015.43
563.79, 1007.14
595.19, 975.74
608.69, 962.24
614.63, 956.29
636.10, 934.83
651.77, 919.16
661.93, 909.00
676.27, 894.66
689.58, 881.35
698.07, 872.86
709.96, 860.97
720.74, 850.19
728.53, 842.40
738.17, 832.76
747.22, 823.71
754.76, 816.17
763.00, 807.93
771.54, 799.39
778.78, 792.15
786.58, 784.35
779.66, 768.10
746.62, 735.07
706.52, 694.98
666.09, 654.59
628.23, 616.77
589.93, 578.52
556.58, 545.23
530.03, 518.73
507.48, 496.22
533.04, 521.73
528.13, 516.83
552.13, 540.78
558.34, 546.99
571.16, 559.79
585.36, 573.96
593.64, 582.23
605.73, 594.30
615.06, 603.62
623.45, 612.00
633.55, 622.08
641.92, 630.45
649.07, 637.59
657.49, 646.00
666.81, 655.31
132.49, 668.68
0.00, 0.00
0.00, 0.00
0.00, 0.00
0.00, 0.00
0.00, 0.00
0.00, 0.00
0.00, 0.00
0.00, 0.00
];

