test1 = [221
221
221
220
220
220
219
219
219
219
218
218
218
217
217
217
217
216
216
216
216
216
215
215
215
215
214
214
214
214
214
213
213
213
213
213
213
213
212
212
212
212
211
211
211
211
211
211
211
210
211
211
210
210
210
210
210
210
210
210
209
209
210
209
210
209
209
209
209
209
209
209
208
209
208
209
208
208
207
208
208
207
208
207
207
208
207
208
207
207
208
207
207
207
207
207
206
206
207
206
206
206
206
205
205
206
206
206
206
206
206
206
205
206
205
205
205
204
205
205
205
205
204
205
205
205
205
205
205
204
204
204
204
204
205
204
204
204
204
204
204
203
204
204
204
204
204
203
204
203
203
204
203
204
203
203
203
202
203
203
203
203
202
203
203
202
203
202
203
202
202
203
202
202
202
201
202
202
202
203
201
202
201
202
202
201
202
201
201
202
201
202
200
201
202
201
202
201
202
201
202
201
201
201
201
201
201
201
201
200
200
200
200
200
200
200
200
200
200
200
200
200
200
200
200
200
200
199
199
200
200
200
200
200
199
199
200
200
199
199
199
199
199
199
199
199
199
199
199
199
199
199
199
199
199
199
199
199
199
198
198
198
198
198
199
198
198
198
198
198
198
198
198
198
198
198
198
198
198
198
198
199
199
198
199
198
199
198
199
198
198
198
198
198
198
198
197
198
198
199
198
198
197
198
197
198
198
197
197
197
197
198
198
197
197
197
197
197
198
197
197
198
197
197
197
196
197
197
197
196
197
197
197
197
196
197
197
196
197
196
197
197
197
197
197
196
196
197
196
197
197
196
197
197
197
197
196
197
196
196
197
196
196
196
196
196
195
196
197
196
197
196
196
196
195
196
196
196
196
195
196
195
196
196
195
196
196
196
196
196
196
196
195
196
195
195
196
195
195
196
195
195
196
195
196
195
195
196
195
195
195
194
195
195
195
195
195
195
195
195
195
195
194
194
195
195
195
195
195
195
195
194
194
194
195
194
194
194
194
194
194
194
194
194
194
194
194
194
194
194
194
194
194
194
194
194
194
194
194
194
194
194
194
194
194
194
193
193
193
193
193
194
194
194
193
193
193
194
193
193
193
193
194
193
193
193
193
193
193
192
192
192
192
192
191
191
191
191
191
191
191
190
190
190
190
190
190
190
190
190
190
190
189
189
190
189
190
189
190
190
191
191
193
193
194
195
195
196
196
197
198
199
200
201
201
203
204
204
206
207
207
208
210
210
212
212
213
215
215
216
217
218
219
220
221
222
222
224
225
225
227
228
228
230
231
231
232
232
233
235
236
236
238
238
239
240
241
242
242
243
244
244
246
247
247
248
249
250
251
252
252
253
254
255
256
257
257
258
260
259
261
261
261
263
264
264
265
265
267
268
268
269
269
270
271
271
272
273
273
274
275
275
276
276
277
278
278
279
278
279
279
279
280
279
280
279
280
280
280
280
281
281
280
280
281
281
281
281
281
281
281
281
281
281
281
281
281
281
281
281
281
281
281
282
281
281
281
278
268
260
253
247
241
237
234
233
231
229
228
227
226
226
225
224
223
223
222
221
221
221
220
220
220
219
219
218
218
218
217
217
217
217
216
216
216
215
215
215
215
215
215
215
214
214
214
214
214
214
213
214
213
214
212
213
212
213
212
212
212
212
212
212
211
211
211
211
211
210
211
210
211
210
211
209
210
209
210
209
210
209
210
209
210
209
209
208
209
209
208
208
208
207
208
208
208
207
208
207
207
208
207
207
207
207
206
207
206
206
207
207
206
206
207
206
206
207
206
206
206
205
206
206
206
206
205
205
206
205
205
206
205
205
205
205
206
205
205
205
205
205
204
205
204
204
204
204
205
204
204
204
204
204
204
204
204
204
204
204
203
204
203
204
203
203
204
203
203
203
203
203
202
203
202
203
203
202
203
203
202
203
202
203
202
203
203
202
203
202
202
202
202
202
202
202
202
202
201
201
201
201
201
201
201
201
201
201
201
201
201
201
201
201
201
201
201
201
201
201
201
201
200
201
201
200
200
200
200
200
200
200
200
200
200
200
200
200
200
200
200
200
200
200
200
200
199
199
200
200
200
200
199
199
199
199
199
199
199
199
199
199
199
199
199
199
199
199
199
199
199
199
198
199
199
199
199
199
199
199
198
199
199
198
199
198
199
198
198
199
198
199
199
198
199
199
198
199
198
199
198
198
198
199
198
199
198
198
198
198
198
198
198
198
198
198
198
197
198
197
198
197
198
198
198
198
198
198
197
198
197
198
197
198
197
197
197
197
198
197
197
197
197
197
197
197
197
197
196
197
196
197
196
196
196
197
196
197
196
197
196
197
196
196
197
196
196
196
196
196
197
196
197
197
196
197
196
196
196
196
196
196
196
196
196
196
197
196
196
196
196
196
196
196
196
195
196
195
195
196
195
196
196
196
196
195
196
195
195
195
196
195
196
195
195
195
195
195
195
195
195
195
195
195
195
195
195
195
195
195
194
194
194
195
195
195
195
194
194
194
194
194
194
194
194
195
194
194
195
195
194
194
194
194
194
194
194
194
194
194
194
194
194
194
194
194
194
194
194
194
194
194
194
194
194
194
194
194
194
194
194
194
194
194
193
193
194
194
193
194
194
194
194
194
194
194
194
194
193
194
194
194
194
194
193
193
194
193
193
193
193
192
192
193
192
191
192
192
191
191
191
190
191
191
191
190
190
190
190
190
190
190
190
190
189
190
190
189
190
190
190
191
192
191
192
193
193
194
195
195
195
197
197
198
200
200
201
202
202
204
204
206
208
208
209
210
211
212
212
213
215
216
216
217
218
220
221
221
222
223
224
225
226
227
228
228
230
231
232
233
234
234
235
236
237
237
238
240
241
241
242
243
244
244
246
246
247
248
249
249
250
251
252
252
254
254
255
257
257
258
258
260
260
261
261
262
263
264
264
266
266
267
267
268
269
269
270
271
271
272
273
274
274
275
276
276
277
277
278
278
278
279
279
279
279
280
280
280
280
280
281
281
281
281
281
281
281
281
281
282
281
281
281
282
282
282
282
282
282
282
282
282
282
282
282
282
282
282
282
282
282
281
271
263
255
249
243
239
236
233
231
230
228
227
227
226
225
224
224
223
222
222
221
221
221
221
219
219
219
218
219
219
217
218
218
217
217
216
216
216
215
216
215
215
215
215
215
214
214
214
214
213
214
213
213
213
213
213
212
213
212
211
212
212
211
212
211
211
211
211
211
210
211
210
211
210
211
209
210
210
209
210
209
209
209
209
209
209
209
209
208
208
208
208
208
208
208
208
208
208
208
208
208
208
207
207
207
206
207
207
207
207
207
206
205
206
206
207
206
206
206
206
205
206
206
205
206
206
205
205
206
205
205
205
206
205
205
205
205
205
205
204
204
205
205
204
204
205
204
204
204
204
204
204
204
204
203
204
204
203
204
204
203
203
203
203
203
203
203
203
202
202
203
203
202
203
202
202
202
202
202
202
202
202
202
202
202
202
202
202
202
202
202
202
202
201
201
202
201
201
202
201
201
201
201
201
202
201
201
201
201
201
201
201
201
201
201
201
200
200
201
201
200
200
201
200
200
200
200
200
200
200
200
200
201
200
200
201
200
200
201
200
201
200
200
200
200
200
200
200
200
200
200
200
200
200
200
200
200
200
200
199
200
199
200
199
199
200
199
199
199
199
199
199
199
199
199
199
199
199
199
198
199
198
199
198
199
198
198
199
199
199
198
199
198
199
198
199
198
199
198
199
198
198
199
198
198
198
198
198
197
198
198
198
198
197
198
198
198
198
198
198
198
197
197
198
197
198
197
197
198
197
197
198
197
197
197
197
197
197
197
197
197
197
197
197
197
197
197
197
197
197
197
197
196
197
197
196
196
197
197
196
197
197
196
196
197
197
196
196
196
197
197
196
196
196
196
196
196
196
196
196
195
196
196
196
196
196
196
196
196
195
196
196
196
195
195
195
196
196
195
195
195
195
195
195
195
195
195
195
195
195
195
195
195
195
195
195
195
195
195
195
194
195
195
195
195
195
195
195
194
195
194
195
195
195
195
194
194
194
194
195
195
194
194
195
194
195
195
194
194
194
194
194
195
194
195
195
194
194
195
194
194
194
195
194
194
194
194
194
195
194
194
194
194
195
194
194
194
194
194
194
194
194
194
194
194
194
194
193
194
194
194
194
194
194
194
194
195
194
194
194
194
194
194
193
194
194
193
194
193
193
193
193
193
192
193
193
192
192
192
191
192
192
191
190
191
190
190
190
190
191
190
190
190
190
189
190
190
189
190
190
189
190
189
190
191
190
191
192
192
193
193
194
195
195
196
197
198
198
199
200
201
202
203
204
205
205
207
208
208
210
211
212
212
213
214
216
217
218
218
220
221
221
222
224
224
225
226
227
227
228
230
231
231
232
233
234
235
227
213
195
176
158
141
124
109
95
81
68
58
49
41
36
32
29
27
25
142
250
304
325
323
311
296
287
282
279
277
276
275
276
276
276
277
278
278
279
280
280
281
281
